2,0
1,0
4,1
4,3
4,0
53,3
53,2
53,1
53,0
52,3
42,3
33,1
33,3
30,5
30,3
30,0
29,7
29,6
29,5
29,4
28,4
28,3
28,1
28,0
25,3
25,1
25,0
24,3
24,1
24,0
21,1
21,3
19,1
19,3
18,1
18,3
17,1
17,3
16,1
16,3
15,1
15,3
14,1
14,3
13,1
13,3
12,4
12,3
12,1
11,1
11,3
10,1
10,3
9,1
9,3
6,1
6,4
5,1
5,3
2,5
2,4
2,3
2,1
1,1
1,3
0,439
0,408
0,243
29,1
29,9
29,3
29,0
0,9
0,310
0,305
0,308
0,304
0,303
0,302
0,307
0,12
0,438
0,10
0,8
0,0
0,437
0,300
0,436
0,299
0,427
0,298
0,435
0,297
0,434
0,296
0,426
0,295
0,425
0,294
0,424
0,293
0,433
0,292
0,432
0,291
0,431
0,290
0,430
0,289
0,429
0,288
0,423
0,287
0,418
0,286
0,417
0,285
0,416
0,284
0,415
0,283
0,414
0,282
0,413
0,281
0,412
0,280
0,411
0,279
0,410
0,278
0,409
0,277
0,407
0,276
0,406
0,275
0,405
0,274
0,404
0,273
0,403
0,272
0,402
0,271
0,401
0,270
0,400
0,269
0,421
0,268
0,420
0,267
0,419
0,266
0,399
0,265
0,398
0,264
0,397
0,263
0,396
0,262
0,395
0,261
0,394
0,260
0,393
0,259
0,392
0,258
0,391
0,257
0,390
0,256
0,389
0,255
0,388
0,254
0,372
0,253
0,387
0,252
0,386
0,251
0,371
0,250
0,370
0,249
0,385
0,248
0,384
0,247
0,428
0,246
0,383
0,245
0,382
0,244
0,381
0,242
0,380
0,241
0,369
0,240
0,379
0,239
0,378
0,238
0,422
0,237
0,377
0,236
0,376
0,235
0,375
0,234
0,374
0,233
0,373
0,232
0,368
0,231
0,367
0,230
0,366
0,229
0,365
0,228
0,364
0,227
0,363
0,226
0,362
0,225
0,361
0,224
0,360
0,223
0,359
0,222
0,358
0,221
0,357
0,220
0,356
0,219
0,355
0,218
0,354
